%ID	PROTEINA	BandaLogInv1	BandaLogInv2	BandaLogInv3	BandaLogInv4	BandaLogInv5	BandaLogInv6	BandaLogInv7	BandaLogInv8	BandaLogInv9	BandaLogInv10	BandaLogInv11	BandaLogInv12	BandaLogInv13	BandaLogInv14	BandaLogInv15	BandaLogInv16	BandaLogInv17	BandaLogInv18	BandaLogInv19	BandaLogInv20	BandaLogInv21	BandaLogInv22	BandaLogInv23	BandaLogInv24	BandaLogInv25
1	68.46	2.500061047	2.621791989	2.725528197	2.816695997	2.896588252	2.956021308	3.006890086	3.045868281	3.072982125	3.072266941	3.048046627	3.027047966	2.996891251	2.965579843	2.928710335	2.886850318	2.84408914	2.797846897	2.751243615	2.707053502	2.664347776	2.623413597	2.583493981	2.545532879	2.507787166
2	67.75	2.337475954	2.447040379	2.543828148	2.628386464	2.702363357	2.760305364	2.808876786	2.844317881	2.869724004	2.867424348	2.843324853	2.821408324	2.792558485	2.762225239	2.726756066	2.686271878	2.645282301	2.601319936	2.558775049	2.519312651	2.48159456	2.443999014	2.40756397	2.373159957	2.340632277
3	67.77	2.514892357	2.636907896	2.74589897	2.836003932	2.916728159	2.980034128	3.027057606	3.070568316	3.098312325	3.096064665	3.072888844	3.049228525	3.019847816	2.989721698	2.952619707	2.912587066	2.871748206	2.826459061	2.782295776	2.742782909	2.703727612	2.666911237	2.631372654	2.596775744	2.563049193
4	67.59	2.167856636	2.271374666	2.365099194	2.456000938	2.519191858	2.565631335	2.607605989	2.648371105	2.679109856	2.680092036	2.660547947	2.637090219	2.612650548	2.582186195	2.549292402	2.509776734	2.460170487	2.412892973	2.36907754	2.328260138	2.290216199	2.251934984	2.207373359	2.168056681	2.133727871
5	70.18	2.421238929	2.541356493	2.644889554	2.735772326	2.813042248	2.872929851	2.922312175	2.964074315	2.988292618	2.987311463	2.966548737	2.94277117	2.912654309	2.880278378	2.843457752	2.80309935	2.759855928	2.714432043	2.670241281	2.628535378	2.589563503	2.550883021	2.51354694	2.478526732	2.444363447
6	66.72	2.336469094	2.449159781	2.548040527	2.633339967	2.708614406	2.766231654	2.816963772	2.852907195	2.878336824	2.876592795	2.85521374	2.832695644	2.802559838	2.77182878	2.735847403	2.69608314	2.654506601	2.608495259	2.565135096	2.521720082	2.480675522	2.441258975	2.4033259	2.366823567	2.331887844
7	66.79	2.137657908	2.238963973	2.33463875	2.425802886	2.492605072	2.540242116	2.581011013	2.623051637	2.656757913	2.659501682	2.642569761	2.621800796	2.597756657	2.569558006	2.539301773	2.499674655	2.451615896	2.403850925	2.359463944	2.318374402	2.280330211	2.24165731	2.195887112	2.156745071	2.122353264
8	66.17	2.450886011	2.583170367	2.689795478	2.791618604	2.872378845	2.943489296	3.000244689	3.049206004	3.07689777	3.080979631	3.06330993	3.041956412	3.013634741	2.983419887	2.946339115	2.904500938	2.86166601	2.813543477	2.765025963	2.720177752	2.675347322	2.633486575	2.59291441	2.553858451	2.51694376
9	69.95	2.479307111	2.597083671	2.705715732	2.808626367	2.886596206	2.944729303	2.996682233	3.039365018	3.073128161	3.069647869	3.050984985	3.025349888	2.994268561	2.957519764	2.91969836	2.878071718	2.827099452	2.777807785	2.730646659	2.685793006	2.643528368	2.601468009	2.556124972	2.51644574	2.479898016
10	67.47	2.369085953	2.483323994	2.585411619	2.678374121	2.756501642	2.820308902	2.867969971	2.913355589	2.939089153	2.939486799	2.918793043	2.895434686	2.867723654	2.835726165	2.797817149	2.756358562	2.712826026	2.665651134	2.620361562	2.578380497	2.538342987	2.499004428	2.461826543	2.426776512	2.392678833
11	67.65	2.349372693	2.460938482	2.554391033	2.648373802	2.72192257	2.782278884	2.831750392	2.872596259	2.8977974	2.896172176	2.875025532	2.852627933	2.822778862	2.790949671	2.754818398	2.714097872	2.671017285	2.625329888	2.580750367	2.540758967	2.502559416	2.465415938	2.428745083	2.394539615	2.360824981
12	68.09	2.306422225	2.412279394	2.505240858	2.596570513	2.668236509	2.713206466	2.758817993	2.803476277	2.830750006	2.829504885	2.808782533	2.784790842	2.757978704	2.726762294	2.693324956	2.656123356	2.609743311	2.564832665	2.522537001	2.482322281	2.444630403	2.405452593	2.362970056	2.32615605	2.292902279
13	68.96	2.445534845	2.562417122	2.665027475	2.75717056	2.837502041	2.901010084	2.955503264	2.999174746	3.023835973	3.022652324	2.999833596	2.977702778	2.945186042	2.911996701	2.873137643	2.831414907	2.787373423	2.73985507	2.693837198	2.651565793	2.610631644	2.57103951	2.533227033	2.498152114	2.46456152
14	68.27	2.366716085	2.484788069	2.586054623	2.686273658	2.765354988	2.822956018	2.871515598	2.919033453	2.951784124	2.953005324	2.934174736	2.910072445	2.880657737	2.847029237	2.811385585	2.767685063	2.716795064	2.66659569	2.619035027	2.574603865	2.533036664	2.489713993	2.443659526	2.403831238	2.367660872
15	69.25	2.471018197	2.592852866	2.699809351	2.791410841	2.870182621	2.934083901	2.984567564	3.02428258	3.049228693	3.052625391	3.027729385	3.004565702	2.973815595	2.942199988	2.905352359	2.864475223	2.822885112	2.778037044	2.733623205	2.693114698	2.653139044	2.616454886	2.57994528	2.545476413	2.512400145
16	69.86	2.382653664	2.496964063	2.589724122	2.68093263	2.749719665	2.797492921	2.841902569	2.88292829	2.910272405	2.907005754	2.883851962	2.858675695	2.829405302	2.796727642	2.762496008	2.726938969	2.682137216	2.638478875	2.596736157	2.556158706	2.517718528	2.478696665	2.436776255	2.401041128	2.367394644
17	68.39	2.501556593	2.620881311	2.72719348	2.82305165	2.902213261	2.963061716	3.013332932	3.057902263	3.082436611	3.081007599	3.058641874	3.034963768	3.002737581	2.970458616	2.93384874	2.892627777	2.849224655	2.803326348	2.757379786	2.715394164	2.672234863	2.632992348	2.59462592	2.557226018	2.521791904
18	70.2	2.364557914	2.482096663	2.582833205	2.673534605	2.747293024	2.802232463	2.851036417	2.888830995	2.911930708	2.908757184	2.885891388	2.864378755	2.833472737	2.803102564	2.767209869	2.726833598	2.685241673	2.637821897	2.593488709	2.549865013	2.507570908	2.466670055	2.426772979	2.388426311	2.351559885
19	68.14	2.334061086	2.442383945	2.542907026	2.635140026	2.705741851	2.754358335	2.800309014	2.842001018	2.869608804	2.866816081	2.847033245	2.822434372	2.792933861	2.761926569	2.728753531	2.692099255	2.646932891	2.601826957	2.560140015	2.521342672	2.48440994	2.445254373	2.403526378	2.36750466	2.333711166
20	69.75	2.504695858	2.622737336	2.736249248	2.836087704	2.909732031	2.969106408	3.017572385	3.063314269	3.091307907	3.09337103	3.07415987	3.051017379	3.025072402	2.994268998	2.963170307	2.927237064	2.882693812	2.838453495	2.796719822	2.757120922	2.719752325	2.681250615	2.640255756	2.60469755	2.572534382
21	67.93	2.464967009	2.584686292	2.686070303	2.783592356	2.857140187	2.918785165	2.966263741	3.008705764	3.032071053	3.031791944	3.008434267	2.986215449	2.953267172	2.921704228	2.882820828	2.839968924	2.795003177	2.747004144	2.70013949	2.656599158	2.612984089	2.571922311	2.531904039	2.49344129	2.457897988
22	65.51	2.129915826	2.226866402	2.317990926	2.402500361	2.465516346	2.511116743	2.551007118	2.591449626	2.621612106	2.623054677	2.605591852	2.582496656	2.557797624	2.529536269	2.499350654	2.461191125	2.416969642	2.371751237	2.330534673	2.29265188	2.257593188	2.220024101	2.177947339	2.141968242	2.109944989
23	69.87	2.323056645	2.43183568	2.529670267	2.626735943	2.699124132	2.751247631	2.797360253	2.837570394	2.868591335	2.864761685	2.843383705	2.819642141	2.790390026	2.758504377	2.724414516	2.688490903	2.644912563	2.600703172	2.558808385	2.518600272	2.479260193	2.438741898	2.39761306	2.360712727	2.326803658
24	67.95	2.069181276	2.162806077	2.247828708	2.329002869	2.387624879	2.431223166	2.466655838	2.503187669	2.528306179	2.524744426	2.504702938	2.480796954	2.454309703	2.424833845	2.395961734	2.362138377	2.322211355	2.281550336	2.243659969	2.207008594	2.172363546	2.135989518	2.096904898	2.063011316	2.032079805
25	67.93	2.177737182	2.277432386	2.365243708	2.45070375	2.514862715	2.56055402	2.599713079	2.637715921	2.663919911	2.65922677	2.639700193	2.617574705	2.589934921	2.560312053	2.528674588	2.494760367	2.45172695	2.410308426	2.371233596	2.334175271	2.298493693	2.260258733	2.219941175	2.18597072	2.154322136
26	67.67	2.284741628	2.397340968	2.489023844	2.582503336	2.653995748	2.701303862	2.747476157	2.790803001	2.819376114	2.819189194	2.80015763	2.775207315	2.749084912	2.718094047	2.684939956	2.64755861	2.601075885	2.555556906	2.513304278	2.472378156	2.434744933	2.394734153	2.350702931	2.313313199	2.278279387
27	67.76	2.300438258	2.410246661	2.502856918	2.587125226	2.655309687	2.712099231	2.758181611	2.798337171	2.819833613	2.82041479	2.799639439	2.778912452	2.751610958	2.721511843	2.688073803	2.651853067	2.611123465	2.566811664	2.522433004	2.477680557	2.433509782	2.390360046	2.349112038	2.30971686	2.272852948
28	67.72	2.341593279	2.454609944	2.553894026	2.636360435	2.713774968	2.772708756	2.8244904	2.864196163	2.88859763	2.887789613	2.865929931	2.841668552	2.810970832	2.778540607	2.739138666	2.697107122	2.65217736	2.605718594	2.559497751	2.517980731	2.478898493	2.441782394	2.405394145	2.370264287	2.337516649
29	68.25	2.395208845	2.516224525	2.619478001	2.716079415	2.795740316	2.858072447	2.910293064	2.949545162	2.976096683	2.977267243	2.956691051	2.932713742	2.903583673	2.870569113	2.833911505	2.792163628	2.746831419	2.699865983	2.65320811	2.608997317	2.56648406	2.52460719	2.483811503	2.446428148	2.409349987
30	66.99	2.339903785	2.452537974	2.553986139	2.638583679	2.719791665	2.780292754	2.825629679	2.866108649	2.891053354	2.889883906	2.868264611	2.845689029	2.815213811	2.782992366	2.745043716	2.702792334	2.658995823	2.613103392	2.567893574	2.527172699	2.48771757	2.450061305	2.412731532	2.377286889	2.342796214
31	67	2.384341059	2.50308037	2.603397097	2.695701059	2.77480873	2.833684254	2.885714442	2.927378887	2.956177209	2.956574904	2.937744837	2.916551475	2.889147177	2.861525766	2.827097604	2.787542899	2.745913122	2.698631121	2.653585615	2.608560553	2.564162128	2.521182082	2.480296784	2.439986702	2.402766742
32	67.07	2.461170277	2.577133287	2.682436664	2.774351391	2.855857159	2.919225859	2.971417895	3.015883736	3.041617089	3.043804037	3.022286786	2.998517049	2.967859831	2.935300242	2.895590089	2.853748691	2.809598417	2.759086366	2.711224829	2.667445967	2.623983948	2.582832442	2.543723812	2.506268	2.470053546
33	68.11	2.379463979	2.492805232	2.599861556	2.698443222	2.770617945	2.825050358	2.872546804	2.918061934	2.948355401	2.950530935	2.929572582	2.905262906	2.877049454	2.843054192	2.808939153	2.769251114	2.720771462	2.671201451	2.625469864	2.582215141	2.539935677	2.497699218	2.451983116	2.411993991	2.375353211
34	69.06	2.466018702	2.583738043	2.695939728	2.798101482	2.876826093	2.931014793	2.977129755	3.024091398	3.05684154	3.057251091	3.036737286	3.011268883	2.983811715	2.950499473	2.915220555	2.875495893	2.826590175	2.778849306	2.732993358	2.690311774	2.649892128	2.608289254	2.563685587	2.52489047	2.489760541
35	67.94	2.529095613	2.653207094	2.762210194	2.861965683	2.946059933	3.012796633	3.063565132	3.109381585	3.136752025	3.137691347	3.114529791	3.089773005	3.059398981	3.023796516	2.984789676	2.941988869	2.895343239	2.847076589	2.798567661	2.754777937	2.710751319	2.669117119	2.629450465	2.591979596	2.555469436
36	67.82	2.285852026	2.393406569	2.492619135	2.589072957	2.661970241	2.706988568	2.751344709	2.792700091	2.823000906	2.8259276	2.806530408	2.786380516	2.76300097	2.736526509	2.706045833	2.667938074	2.621569691	2.575542782	2.533649478	2.49747996	2.463261489	2.427910984	2.384506633	2.347686027	2.314958727
37	67.62	2.346203739	2.460547357	2.55846542	2.648294396	2.721674203	2.782560181	2.829778604	2.867729635	2.896536985	2.89488825	2.872309793	2.849612439	2.81966251	2.787719798	2.750664771	2.709118096	2.666624897	2.619921499	2.57491553	2.533456324	2.49282764	2.45386654	2.416201823	2.380914118	2.346995977
38	70.14	2.39362856	2.503740744	2.607275234	2.706814697	2.782460957	2.83563155	2.885232131	2.925593491	2.955818023	2.953887489	2.93134091	2.905512944	2.876475037	2.842586493	2.808278674	2.769123789	2.722384976	2.674667035	2.631621422	2.589554657	2.550520756	2.510320523	2.467399134	2.430943244	2.39605667
39	69.99	2.380264695	2.498192506	2.596555284	2.682709369	2.758367406	2.815646864	2.860582955	2.898772729	2.92176714	2.918959741	2.895975842	2.873357297	2.844626926	2.814098729	2.778829015	2.739763102	2.699601066	2.657376264	2.615252618	2.577991745	2.541451572	2.50585024	2.471022785	2.439614126	2.407166885
40	68.58	2.382094277	2.496464624	2.597020162	2.684933546	2.7554543	2.817350519	2.858211375	2.898755446	2.921928241	2.919108349	2.897512922	2.876276323	2.847991073	2.819781065	2.787246674	2.75008536	2.710671825	2.668879203	2.627490836	2.587523202	2.548996275	2.51261338	2.474730637	2.439186177	2.403925913
41	70.79	2.328585367	2.439622561	2.539641653	2.633452481	2.708365445	2.762501297	2.81036397	2.85241182	2.877850531	2.876668708	2.856835797	2.831308961	2.801480802	2.767679872	2.730742489	2.691907151	2.645744819	2.598338501	2.55335351	2.509275892	2.466543278	2.423617688	2.378918516	2.339091104	2.303011963
42	67.47	2.475217044	2.59977997	2.704009868	2.805047662	2.881512142	2.935637418	2.984533321	3.032316178	3.064782906	3.064299791	3.044500773	3.019502354	2.992183789	2.960579852	2.927090917	2.891184729	2.844768374	2.798807116	2.756441303	2.715949636	2.677471068	2.63842973	2.597074918	2.560528164	2.526684235
43	70.67	2.294229253	2.405277369	2.50642826	2.596742719	2.669593751	2.724449674	2.768870454	2.811560205	2.840099984	2.836075469	2.817335252	2.792418393	2.763180984	2.731256109	2.695851859	2.657783814	2.612912486	2.567201014	2.522539428	2.479633484	2.437005608	2.394614802	2.3503996	2.311487771	2.275030878
44	67.89	2.169556733	2.273167226	2.370721352	2.460361348	2.528106931	2.572345364	2.614070495	2.657349961	2.691440998	2.693673681	2.67426056	2.651371712	2.625489768	2.595195797	2.563705563	2.522418566	2.472569618	2.423474717	2.378043913	2.335906011	2.29782265	2.258458845	2.212509916	2.172289417	2.137346094
45	68.08	2.072663055	2.158869123	2.236773661	2.316232228	2.373356461	2.411311862	2.447530871	2.478995806	2.503947691	2.498438008	2.477648492	2.453699271	2.428589765	2.401655793	2.374284716	2.342641501	2.304725132	2.267491321	2.231956514	2.199701902	2.168228178	2.135566951	2.100168658	2.070296621	2.043300182
46	68.44	2.403862407	2.520797878	2.623326122	2.718708399	2.797875014	2.861904371	2.912059298	2.957552903	2.979526576	2.981343478	2.960516599	2.936749394	2.909155708	2.879317162	2.841775363	2.801951736	2.75897087	2.715334694	2.670508871	2.630781983	2.592161316	2.55482712	2.519438003	2.484638632	2.451270053
47	68.78	2.3505492	2.462628307	2.565568965	2.660601461	2.734619809	2.787568597	2.833948433	2.873874069	2.903062265	2.902600021	2.880778292	2.855632848	2.827672837	2.795797312	2.762212586	2.725144103	2.68044804	2.637212517	2.595553886	2.556836277	2.519699891	2.482418476	2.441013966	2.405421441	2.372323451
48	68.26	2.43497938	2.555507603	2.657257681	2.748544388	2.827303376	2.887849	2.93664978	2.977925636	3.003564372	3.00108289	2.978527877	2.954293696	2.927419359	2.897027554	2.860854512	2.821308409	2.780041893	2.734453466	2.691072383	2.649339116	2.609089976	2.570142967	2.533152909	2.496626241	2.462238829
49	68.2	2.370420419	2.489772022	2.587783716	2.680406708	2.756149799	2.817970823	2.867476558	2.909680049	2.935773174	2.935265625	2.912451677	2.888279694	2.856743003	2.822957724	2.782541068	2.738575823	2.692791773	2.644491393	2.598067743	2.555591851	2.515014575	2.476695431	2.438640202	2.4032164	2.36971185
50	68.95	2.42085638	2.537032235	2.646851972	2.738511453	2.811493707	2.866260399	2.910043981	2.95700366	2.983136599	2.980406934	2.960181174	2.933957904	2.904371684	2.87264213	2.83741401	2.80250298	2.758560293	2.715362446	2.673895024	2.632594222	2.593544283	2.553530823	2.512239611	2.476338938	2.441998044
51	69.04	2.091734295	2.179072395	2.26172091	2.338294945	2.392212601	2.432611074	2.463315879	2.496956675	2.520730232	2.51348074	2.49365733	2.469620267	2.445095439	2.420048282	2.393019896	2.363219817	2.327231459	2.291800233	2.258688041	2.226716941	2.195791389	2.163104337	2.127217933	2.096625466	2.068175131
52	66	2.395677174	2.512858867	2.620137424	2.715256906	2.790854016	2.853684431	2.908239265	2.951469567	2.979237506	2.97937896	2.96023278	2.937746525	2.908069501	2.876536437	2.836578581	2.793686204	2.748917512	2.700007622	2.653574773	2.61119632	2.569911627	2.529845076	2.490978529	2.454300379	2.418969049
53	67.15	2.506557174	2.632900021	2.73569048	2.836832844	2.917785755	2.982538561	3.037423518	3.08180597	3.108246527	3.109672701	3.085010235	3.060650886	3.031259745	2.998218571	2.957144261	2.912917181	2.869259046	2.818911328	2.769623358	2.727723099	2.685475497	2.646715057	2.6086823	2.572441899	2.536891744
54	66.93	2.447356894	2.566929028	2.672458126	2.771950825	2.852690918	2.918379254	2.973288293	3.015809585	3.040002939	3.04135794	3.019259902	2.99818334	2.966920374	2.933799674	2.897969431	2.856328548	2.814410546	2.768234579	2.722256191	2.681890606	2.640787457	2.601828727	2.565372288	2.531882213	2.498249385
55	67.06	2.458330444	2.581566061	2.687613231	2.783585475	2.864897709	2.929100006	2.981487308	3.027143631	3.051707345	3.052772946	3.030936386	3.007731182	2.979935547	2.94913697	2.910501137	2.867799246	2.826100853	2.777547989	2.731631721	2.690625342	2.650328582	2.611753813	2.574018871	2.537421094	2.502951831
56	69.54	2.385415155	2.493187342	2.597945867	2.695744765	2.770468673	2.823809363	2.864487984	2.906901894	2.936856139	2.932412701	2.911509369	2.883627681	2.853006147	2.819131949	2.78355856	2.744699685	2.697371349	2.651153895	2.608476041	2.567306094	2.529412688	2.489981541	2.447304307	2.411603389	2.377686597
57	67.91	2.45022845	2.565345842	2.672334117	2.761590523	2.836611708	2.89260644	2.94668946	2.989911717	3.017378663	3.016916407	2.997398576	2.975054631	2.949554804	2.918226303	2.883922207	2.85052151	2.810495963	2.770289088	2.727771816	2.684328847	2.640551141	2.601437213	2.56206529	2.524996759	2.490723622
58	65.55	2.081535426	2.175260127	2.256942021	2.334907669	2.392068181	2.429428334	2.460652376	2.495324659	2.520884988	2.518340472	2.499495166	2.476815789	2.455899418	2.431456518	2.406834906	2.375496948	2.337734293	2.301175808	2.26731847	2.235950668	2.205914355	2.173960455	2.137157759	2.105571361	2.077250213
59	68.58	2.383915116	2.500974133	2.606973129	2.704351616	2.782576211	2.838593292	2.885727975	2.933373616	2.963538957	2.961073958	2.941860855	2.91605098	2.8855418	2.849145922	2.810620771	2.771661057	2.723148227	2.675477478	2.629119625	2.583325594	2.540373195	2.498032472	2.45337545	2.414262456	2.377514178
60	68.15	2.496037648	2.620529036	2.729062521	2.827901214	2.908622131	2.975982236	3.030641701	3.075666324	3.104685865	3.101217487	3.078258353	3.053366373	3.020876234	2.98708682	2.950654857	2.909987276	2.866542865	2.819405543	2.772793339	2.732265507	2.691447127	2.651449194	2.614400193	2.579757793	2.547031474
61	66.42	2.403403487	2.526143036	2.633239694	2.730310898	2.808629796	2.863036868	2.913192678	2.958084682	2.990209465	2.991719608	2.971430001	2.946202144	2.919945142	2.885700339	2.852951138	2.81334171	2.765709359	2.71725706	2.671616085	2.62780702	2.586174215	2.543645642	2.497817829	2.457693111	2.421093501
62	68.73	2.517750942	2.642920474	2.752478925	2.852016407	2.93115883	2.999389673	3.05535033	3.099395497	3.12541383	3.125692675	3.104481958	3.07885803	3.048688226	3.017337713	2.97807581	2.934669128	2.891758202	2.843265424	2.79719393	2.754740727	2.714256932	2.674765608	2.637642165	2.602348534	2.568214588
63	68.61	2.449784351	2.570560226	2.678737418	2.776282584	2.853491712	2.917726182	2.966996587	3.012446443	3.038798226	3.035037119	3.013906237	2.990697864	2.958719604	2.92628043	2.888572521	2.848127681	2.804608074	2.757995003	2.713145057	2.673075439	2.63290782	2.596185877	2.559378018	2.524878579	2.490791236
64	68.34	2.378573628	2.496680956	2.605901967	2.69578541	2.776895809	2.837345125	2.892251414	2.933668744	2.960922437	2.960330281	2.939374023	2.915626104	2.886477442	2.855514699	2.816872777	2.775841642	2.732354649	2.685270468	2.638644236	2.595872924	2.55240436	2.512407083	2.472859744	2.435115835	2.398410683
65	67.43	2.445202401	2.560471746	2.664856036	2.756542548	2.839541909	2.903003852	2.954815158	3.000439673	3.028472598	3.029595424	3.006881885	2.982329854	2.950767924	2.917678857	2.876636591	2.832815519	2.788155479	2.738249252	2.691424048	2.647858547	2.607757234	2.568866264	2.531449218	2.496693241	2.461388891
66	68.13	2.320140617	2.430762005	2.530151408	2.615885004	2.689065037	2.754182431	2.803280794	2.845992304	2.87159211	2.869814435	2.849275374	2.826437983	2.793041758	2.760086824	2.720647534	2.677457881	2.633048778	2.585216143	2.538432898	2.495323695	2.453505493	2.412851645	2.374987709	2.340565666	2.306701365
67	68.8	2.521654354	2.645514415	2.750082344	2.846435505	2.927761688	2.991036641	3.040629167	3.083325081	3.109098212	3.108764751	3.084298475	3.060313007	3.03031204	2.996582595	2.957757114	2.914576617	2.871188373	2.823127954	2.776212932	2.732451255	2.690608084	2.650565982	2.610313624	2.574286793	2.538353983
68	68.29	2.454296285	2.578311356	2.684155756	2.781546591	2.860583754	2.922610485	2.971866417	3.015158613	3.045851101	3.045764665	3.026238139	3.000179676	2.972353045	2.937540508	2.900343931	2.862396051	2.816757391	2.770547924	2.725057299	2.681861268	2.638753593	2.59655523	2.552825592	2.514463191	2.478443732
69	68	2.475918908	2.59341926	2.701845129	2.795236022	2.875209548	2.938069741	2.988488877	3.033915191	3.059726846	3.060810365	3.036993128	3.013867453	2.984254984	2.951771112	2.912571335	2.870682003	2.82600503	2.776829149	2.729511577	2.684444073	2.640584308	2.600285542	2.559892233	2.521805145	2.485592924
70	68.19	2.485406518	2.604872291	2.713232242	2.809576701	2.892765242	2.957254009	3.008979752	3.053223447	3.078589308	3.08194394	3.06172942	3.039910441	3.009997371	2.978535497	2.942446092	2.901521812	2.858905613	2.813358539	2.768554841	2.728504467	2.687485108	2.648362454	2.610819194	2.576022788	2.541666549
71	68.49	2.315912845	2.42926736	2.522806937	2.605978804	2.675611	2.735447987	2.778861499	2.816280631	2.841086237	2.836596348	2.815940497	2.793136714	2.763967106	2.735231625	2.701674609	2.663276204	2.624303824	2.581365162	2.539935753	2.500612128	2.462076333	2.424958521	2.388090643	2.353724382	2.320260972
72	68.04	2.482091882	2.601785239	2.70814726	2.803801893	2.880780844	2.941622578	2.993237112	3.034504513	3.056641665	3.058714993	3.031952203	3.009022819	2.976122919	2.942665451	2.904048693	2.860639463	2.815266119	2.765239681	2.717029946	2.671867248	2.626120751	2.584322561	2.542007789	2.503328679	2.466080991
73	68.68	2.540137069	2.662917767	2.772781219	2.872611795	2.956275844	3.023641319	3.076767349	3.120618708	3.149123693	3.144878007	3.123161392	3.100728239	3.07047012	3.037893445	3.000405043	2.960394059	2.919784913	2.874531513	2.83066186	2.790315532	2.751599435	2.712401858	2.676393292	2.643442638	2.610212632
74	68.15	2.484217032	2.609732312	2.717190046	2.813390375	2.891413398	2.94697851	2.99714721	3.044376471	3.07211219	3.073318598	3.057391169	3.033518099	3.007044675	2.976172937	2.942834705	2.908326507	2.866931064	2.825828071	2.783168237	2.741354894	2.699632229	2.659363791	2.617972181	2.58162497	2.547061553
75	69.47	2.395555092	2.512045426	2.617111174	2.718450163	2.791710864	2.848273502	2.89319361	2.934836211	2.966892061	2.964881301	2.943322344	2.918269496	2.887633241	2.854859034	2.819504135	2.781324259	2.733692951	2.68538694	2.640873016	2.599196939	2.560321235	2.519088406	2.475926851	2.438141098	2.403364836
76	69.69	2.405893763	2.520364514	2.622992263	2.711662353	2.787547096	2.837073669	2.879396326	2.919957488	2.947330254	2.94368522	2.922825129	2.897036739	2.869929868	2.836200258	2.803548346	2.766453975	2.722040215	2.677976698	2.637144269	2.597351305	2.559323926	2.519907772	2.478176528	2.442853724	2.408215797
77	67.53	2.233914748	2.340333719	2.434372354	2.527605962	2.598590196	2.642809124	2.681849941	2.72237941	2.756055601	2.758430276	2.739944184	2.719300633	2.695760463	2.669283438	2.640344167	2.603648268	2.557549678	2.51332823	2.47106393	2.43363747	2.399662414	2.36284694	2.319734441	2.282920013	2.25012084
78	66.8	2.382176843	2.498532188	2.601824786	2.69460326	2.770475179	2.832971725	2.882932161	2.927106582	2.955372746	2.953604058	2.933131602	2.907050903	2.877175683	2.843222314	2.803142503	2.75862904	2.713891029	2.663935859	2.618414113	2.576154983	2.536381884	2.497578664	2.459364691	2.424389361	2.390285027
79	68.54	2.416359594	2.535995086	2.642130733	2.745831588	2.820488691	2.871172052	2.919177542	2.967505199	3.001064344	3.004103277	2.985622652	2.964075509	2.941818778	2.912505779	2.881326856	2.840575372	2.789962658	2.740176654	2.692166193	2.648111789	2.606757064	2.564477142	2.515824851	2.472486522	2.434185618
80	67.06	2.402629621	2.517902797	2.62684307	2.725753759	2.801516158	2.853242488	2.90056321	2.94461227	2.977334686	2.979070188	2.958727267	2.934413338	2.907852503	2.877346675	2.844223132	2.806845732	2.761423407	2.714388652	2.670695672	2.629243212	2.588531191	2.547934632	2.502602657	2.462831001	2.426774037
81	67.19	2.249903442	2.350936336	2.446783754	2.536993812	2.601816474	2.64885838	2.685749586	2.726606699	2.7567801	2.756661082	2.738313666	2.714427241	2.692465108	2.666538594	2.637866787	2.601486744	2.556356321	2.511925409	2.47108468	2.436022998	2.403233744	2.368764274	2.326907016	2.291044942	2.259201541
82	69.13	2.357503049	2.471086421	2.570203077	2.656361936	2.735075504	2.794440544	2.84176599	2.883131776	2.90422768	2.904076479	2.883289045	2.858547239	2.828020649	2.798119427	2.761865808	2.721297055	2.680305519	2.633965763	2.589249252	2.547405757	2.506818881	2.467359826	2.428156951	2.391904828	2.357318874
83	66.33	2.130944594	2.228519132	2.319277797	2.403105109	2.467843083	2.512472771	2.551055487	2.59116123	2.622152973	2.622457784	2.603655494	2.579902104	2.554801104	2.524986579	2.493810864	2.454503775	2.408607155	2.362521394	2.320020094	2.281582842	2.2452337	2.207655657	2.164165867	2.127554069	2.095566419
84	70.06	2.356806718	2.467353686	2.566079648	2.663507514	2.739057467	2.789418056	2.836007117	2.87755316	2.905281755	2.900813304	2.878039839	2.85224225	2.823143644	2.788446836	2.751551848	2.71107268	2.663201935	2.615504638	2.571518165	2.529752367	2.490856719	2.450153318	2.406458621	2.368450299	2.334107776
85	68.81	2.375557759	2.488205263	2.590509155	2.683268295	2.756883477	2.807266186	2.854669058	2.897643275	2.924706079	2.922894691	2.902765816	2.875681759	2.845804346	2.811174832	2.776341898	2.738682162	2.690705691	2.645008806	2.600020894	2.558300631	2.516148918	2.475269537	2.431961481	2.392947701	2.356932912
86	67.74	2.380642083	2.497870724	2.602283242	2.697638568	2.776498722	2.829251536	2.875960093	2.919420512	2.950238045	2.949556361	2.928851326	2.904506273	2.876518546	2.842295707	2.807595905	2.7684964	2.720835998	2.673920411	2.630938182	2.590144785	2.551696021	2.511437525	2.468625139	2.43172774	2.397738061
87	68.39	2.060364084	2.140237204	2.218868972	2.295244213	2.349546722	2.383810804	2.414298064	2.44536642	2.467399649	2.461441735	2.439262928	2.416621049	2.392970025	2.367512021	2.341319312	2.313854492	2.279327976	2.245278786	2.212622259	2.183047774	2.154514589	2.123892084	2.090369948	2.062001057	2.03596563
88	66.67	2.337422479	2.451813554	2.556267474	2.646344958	2.724140834	2.785946865	2.837041307	2.875955085	2.903993378	2.90287374	2.883053772	2.859996674	2.830978918	2.797842558	2.761627076	2.719725959	2.67647655	2.629628179	2.58351333	2.541733404	2.499807568	2.460049835	2.421042478	2.384388151	2.349320869
89	67.65	2.342222382	2.451091504	2.551756741	2.640036641	2.719568499	2.784351025	2.83603992	2.875819241	2.899852022	2.901285249	2.880481502	2.855946724	2.823660372	2.789030838	2.750632505	2.706009233	2.662073237	2.613335425	2.565764543	2.523486966	2.481307784	2.441214928	2.403099439	2.368547649	2.334920111
90	67.87	2.48909575	2.612811178	2.723124889	2.827578678	2.907990438	2.96758138	3.016706816	3.064909303	3.097189976	3.098853191	3.079464465	3.0544571	3.026441703	2.992159743	2.957391813	2.918627183	2.870260012	2.823177433	2.77734495	2.735747894	2.695692666	2.65532994	2.612077249	2.574954994	2.539890137
91	67.73	2.393042918	2.514172557	2.617577375	2.709110544	2.793002415	2.855513939	2.905142595	2.951530881	2.979523682	2.980020743	2.957967339	2.93269896	2.90437709	2.871680181	2.831630881	2.788613811	2.742744322	2.694907877	2.646447955	2.602841665	2.56051157	2.520769197	2.480768495	2.443347108	2.407077464
92	68.62	2.466912039	2.588763783	2.693750454	2.791061015	2.86803617	2.924865506	2.977544735	3.0221973	3.050576942	3.052000524	3.03454642	3.011003391	2.984283164	2.951760041	2.918710183	2.882746825	2.841274604	2.79851129	2.756318539	2.713140772	2.670431737	2.629982297	2.589373224	2.553024055	2.518387015
93	67.85	2.486875081	2.606496759	2.714188829	2.817638498	2.894732776	2.956506553	3.007654778	3.055389701	3.084068283	3.090511707	3.071364911	3.048271732	3.022596089	2.991712956	2.958598395	2.924337105	2.881405895	2.838876613	2.794499157	2.752280694	2.709086308	2.668451688	2.626558686	2.58950145	2.55510177
94	68.56	2.024523273	2.117641881	2.198770764	2.281290309	2.339421979	2.377600909	2.409344125	2.446341389	2.477333111	2.476865029	2.458750935	2.437639149	2.416485624	2.392832217	2.368679751	2.335007721	2.295601969	2.256028135	2.218220899	2.184926887	2.153514486	2.120120227	2.081091525	2.046419088	2.016636197
95	67.96	2.222843522	2.336036809	2.436747954	2.534952566	2.606027779	2.656677329	2.697604457	2.741936176	2.776200802	2.77873192	2.759360774	2.73690073	2.712343913	2.681439259	2.649253195	2.606413418	2.555911474	2.50698157	2.459704925	2.418015306	2.379298937	2.339383145	2.292990379	2.25349415	2.217516411
96	67.17	2.331947574	2.45206935	2.550221489	2.642245832	2.714731445	2.773971683	2.821750524	2.864503116	2.891557718	2.892672891	2.869586936	2.848973162	2.818902767	2.787249772	2.74901424	2.70700912	2.662937946	2.61595149	2.570466809	2.528238571	2.486484933	2.447866205	2.409400858	2.37276295	2.336715387
97	68.38	2.198069241	2.298349722	2.385670673	2.472588043	2.533949587	2.575746616	2.610478666	2.650963274	2.681413564	2.682501098	2.662394823	2.639623032	2.616797319	2.588635361	2.559488627	2.522054162	2.47805288	2.433942086	2.394000244	2.358446083	2.326414737	2.292825407	2.251182934	2.216332278	2.186214305
98	67.09	2.485756016	2.601435766	2.712490026	2.806996913	2.892192805	2.957272065	3.010618196	3.055882885	3.083117673	3.084513905	3.064930306	3.038956208	3.010992895	2.97651884	2.93990968	2.89769961	2.854605119	2.805675961	2.759250047	2.715489325	2.672517806	2.632906825	2.594369393	2.557351828	2.522106424
99	67.46	2.37963843	2.491666811	2.591630826	2.680077742	2.753948149	2.815556752	2.865151286	2.907250297	2.932375273	2.931337741	2.909146192	2.887909603	2.858290271	2.829077905	2.792272189	2.752053961	2.711529855	2.665556484	2.620780559	2.580090168	2.541013961	2.503881078	2.46708022	2.432086076	2.397977153
100	68.51	2.498017222	2.620032186	2.729182044	2.8299179	2.90879301	2.965473497	3.015935782	3.062454614	3.093208071	3.092920787	3.078611983	3.055136703	3.029464243	2.997849624	2.964353101	2.930973318	2.887770663	2.845429119	2.802822018	2.761427527	2.719495026	2.680173196	2.638595501	2.602289921	2.568954265
101	68.16	2.444590629	2.565913961	2.667731225	2.763650043	2.841870766	2.905365979	2.957630396	2.999975599	3.026411202	3.027912971	3.006564544	2.984514412	2.956288685	2.925567992	2.89083837	2.849921545	2.806052446	2.757807615	2.710464583	2.663968441	2.618839576	2.574492589	2.53235614	2.491339872	2.452845099
102	68.29	2.439163344	2.556611556	2.662624876	2.75351788	2.831193517	2.894574093	2.943489296	2.98513578	3.010943608	3.009928172	2.987371505	2.96173599	2.932264938	2.898564773	2.859313091	2.816551053	2.771671828	2.722398829	2.674808351	2.630412684	2.587337698	2.546239071	2.506517004	2.468416106	2.431711704
103	67.12	2.29270817	2.406123217	2.508452733	2.594269307	2.672025598	2.731328101	2.780733066	2.823632759	2.851907395	2.851481275	2.830874839	2.810366017	2.78125111	2.751178518	2.713541029	2.671736727	2.629383875	2.582918077	2.537623564	2.497102315	2.457115248	2.419391603	2.38100452	2.345805873	2.310812865
104	68.36	2.483166704	2.598370537	2.704444454	2.797768388	2.87720079	2.941202699	2.98821283	3.029099578	3.053111781	3.049773104	3.028149933	3.003529553	2.973122705	2.941721596	2.904099223	2.863746659	2.821947145	2.776497541	2.732093935	2.693666157	2.654615078	2.617239085	2.582473908	2.548395464	2.515308355
105	67.25	2.392284395	2.513098894	2.615062986	2.712732257	2.784439237	2.83817043	2.883864831	2.92605366	2.960103522	2.962964294	2.944374394	2.922000732	2.899069296	2.869860038	2.840053471	2.802596118	2.755036446	2.708475838	2.664841273	2.626320159	2.590741068	2.554139584	2.510293732	2.472762437	2.438891351
106	67.8	2.458220071	2.581517612	2.685113416	2.7823136	2.861765451	2.925080264	2.974895136	3.018474534	3.045627585	3.046761608	3.023557639	2.998428429	2.965045336	2.930197322	2.889272263	2.843675695	2.797672567	2.746986194	2.699480651	2.654761277	2.613021641	2.573286878	2.534865776	2.498162726	2.462509668
107	66.56	2.354804295	2.477980744	2.585568618	2.689299757	2.766275425	2.819532235	2.863390621	2.909644009	2.944321977	2.943224715	2.927342947	2.90454641	2.881291718	2.851757738	2.820338258	2.780528578	2.732656136	2.683976349	2.640525138	2.599323729	2.561113323	2.522629242	2.475930161	2.435295958	2.399615737
108	68.44	2.298879725	2.413872168	2.5106971	2.602829158	2.681319182	2.741677516	2.791511995	2.833377219	2.860378138	2.860122331	2.838133176	2.815976833	2.786429887	2.754779843	2.716533563	2.674711302	2.630453931	2.58342159	2.536250248	2.494169308	2.452067249	2.412756942	2.374291742	2.336975669	2.301616275
109	67.23	2.449795406	2.573536516	2.678582113	2.77696848	2.856051406	2.923108545	2.974897278	3.018019537	3.044792388	3.043650418	3.022703458	2.9989897	2.969088679	2.937449854	2.898875496	2.854479014	2.81026459	2.762422114	2.715140477	2.672858975	2.630801579	2.592024731	2.554105535	2.51882115	2.483018389
110	68.6	2.385447807	2.495242639	2.596725059	2.684546061	2.760109313	2.820281548	2.868618747	2.908643193	2.932676041	2.93143966	2.908869985	2.884102392	2.855093326	2.822492542	2.783051276	2.741484559	2.698433831	2.651062692	2.605873753	2.56324059	2.52238184	2.483886658	2.446261063	2.411483625	2.378321697
111	68.38	2.334758852	2.446270679	2.548774504	2.641212509	2.7128917	2.766251279	2.809935938	2.852414955	2.878514838	2.875655139	2.85834755	2.834758585	2.808792525	2.779450273	2.749187963	2.716104724	2.677377751	2.638103386	2.599747781	2.561786609	2.526399153	2.488713068	2.449654814	2.416413786	2.383884154
112	70	2.429511314	2.543016814	2.650387885	2.750175265	2.824481657	2.879343809	2.9254212	2.970604572	3.000041038	2.996011339	2.975738651	2.947501474	2.919137918	2.883834153	2.848914392	2.809690667	2.763530488	2.717324891	2.67358902	2.634054783	2.5966361	2.55742469	2.514869892	2.47869612	2.444494614
113	67.28	2.091349699	2.185826841	2.273474305	2.357141535	2.418179611	2.456811842	2.491542059	2.528339386	2.560397067	2.559458841	2.542075956	2.519363363	2.496451907	2.471524243	2.44417795	2.407431952	2.36543445	2.322653258	2.283495548	2.248878931	2.216362878	2.18262123	2.142314471	2.107931021	2.077772502
114	67.86	2.202454004	2.303615678	2.398362861	2.486735894	2.556545365	2.606694851	2.64763793	2.687039638	2.716000248	2.711178856	2.693103917	2.66866376	2.640906918	2.608736456	2.576302408	2.538295657	2.493584806	2.449543483	2.407603977	2.368671108	2.331637785	2.29263458	2.250722415	2.215627515	2.182369741
115	67.75	2.263970247	2.373278418	2.475365789	2.567587199	2.638309981	2.687667804	2.729159296	2.771836789	2.80589082	2.805788694	2.788503611	2.76733461	2.744895491	2.717252847	2.688313845	2.649995744	2.60464907	2.560155522	2.51913528	2.482775905	2.450321307	2.414998159	2.371919852	2.335985261	2.304299601
116	69.3	2.387649205	2.504898574	2.601409795	2.695225599	2.767530057	2.831426848	2.882980214	2.925268539	2.951803984	2.952639927	2.931438654	2.910546334	2.878686872	2.849684305	2.812817106	2.771977238	2.729405173	2.682997851	2.637193572	2.59622723	2.556314817	2.516952824	2.479222646	2.444421354	2.41027958
117	67.76	2.237114111	2.339033069	2.433789698	2.526008813	2.591991331	2.640122721	2.680518902	2.72118986	2.753735831	2.753042227	2.735117105	2.714636056	2.69166645	2.665345155	2.636458467	2.599116905	2.553889452	2.508849031	2.468410897	2.431259428	2.398522656	2.36274913	2.319608286	2.283207895	2.251439158
118	66.2	2.125103044	2.230006692	2.324994197	2.414352233	2.482207705	2.527431793	2.569428081	2.613701264	2.64936071	2.65484575	2.635596877	2.613962556	2.59077782	2.561299483	2.530458957	2.489335555	2.440704405	2.391509479	2.346304512	2.304287276	2.265681061	2.226050045	2.18015927	2.139646652	2.105103644
119	66.82	2.089078925	2.178764839	2.265657095	2.345219338	2.404774008	2.448191673	2.48253605	2.518731135	2.544421917	2.541289234	2.522453337	2.499665092	2.475096524	2.449184593	2.422293662	2.391690999	2.352961102	2.315708801	2.280489538	2.247796924	2.215690458	2.182536323	2.145830474	2.115982907	2.087806692
120	69.33	2.331175633	2.439156508	2.538857523	2.627187512	2.696948819	2.75120996	2.795885628	2.836718896	2.865441012	2.859995008	2.840099031	2.812540277	2.783155412	2.750294882	2.714911532	2.676964855	2.632350436	2.588292992	2.545219544	2.50420711	2.464117997	2.423811302	2.381995061	2.345319348	2.310788454
121	69.13	2.3628716	2.479367433	2.582826786	2.679931012	2.754828709	2.808521291	2.856601477	2.902516826	2.934092722	2.935601816	2.916812655	2.894203857	2.868840562	2.837078825	2.803435996	2.767547557	2.722211431	2.677987635	2.634601178	2.594697955	2.554871044	2.515531631	2.473495642	2.436378855	2.402396772
122	68	2.465372007	2.587031305	2.695328869	2.789060164	2.872583991	2.93992235	2.991438235	3.034078517	3.062564139	3.063701247	3.041507836	3.018009943	2.98582878	2.953785697	2.913564629	2.871932287	2.827951299	2.780037567	2.732011596	2.687518349	2.645525983	2.605235262	2.566839366	2.531406811	2.496623538
																										
																										
																										
																										
																										
