%ID	Proteina	Grasa	Humedad	TBVN	Histamina
400.0	1.1328	1.0628	1.4187	1.1746	1.0654
402.1	1.3192	1.0654	1.3027	1.094	1.0104
404.2	1.1673	1.0002	1.1423	1.1019	0.95052
406.3	1.2647	1.1325	1.1635	1.1823	1.0078
408.4	1.1429	1.063	1.1603	1.152	1.029
410.5	1.0776	1.0999	1.22	1.085	1.1447
412.6	1.1016	1.0767	1.2003	1.0486	1.0681
414.6	1.1989	1.0498	1.2145	1.0879	1.071
416.7	1.2492	1.217	1.2007	1.1287	1.136
418.8	1.1884	1.2678	1.1628	1.1546	1.1305
420.9	1.2306	1.2664	1.2439	1.1656	1.1501
423.0	1.2113	1.2075	1.2022	1.1476	1.1493
425.1	1.1753	1.3586	1.0923	1.168	1.152
427.2	1.1116	1.2147	1.0075	1.1281	1.146
429.3	1.2125	1.3195	0.99702	1.1398	1.127
431.4	1.1491	1.2743	1.0494	1.1466	1.0976
433.5	1.0641	1.2501	1.0252	1.0994	1.0734
435.6	1.0295	1.2826	1.0212	1.104	1.1052
437.7	1.0449	1.318	1.0448	1.1171	1.1167
439.7	1.0494	1.244	1.0111	1.0869	1.0649
441.8	1.043	1.1333	1.0224	1.0884	1.0251
443.9	1.0616	1.0579	1.0327	1.0746	1.006
446.0	1.0248	1.0155	1.0011	1.0406	1.0192
448.1	0.99937	0.99845	0.99535	1.0149	0.97665
450.2	1.0089	0.99619	0.97814	1.0116	0.95751
452.3	0.96896	0.99917	0.93678	0.99364	0.92927
454.4	0.95806	1.0043	0.89804	0.97378	0.91405
456.5	0.97779	1.0383	0.90142	0.96673	0.914
458.6	0.98681	1.0753	0.92959	0.97155	0.93542
460.7	0.96927	1.0751	0.9257	0.96423	0.93097
462.8	0.94043	1.0234	0.90636	0.95889	0.9103
464.9	0.90558	0.99932	0.90173	0.94821	0.89858
466.9	0.88673	0.99423	0.88534	0.94669	0.88898
469.0	0.90315	0.98383	0.90222	0.94899	0.8871
471.1	0.8791	0.98002	0.90942	0.94126	0.88425
473.2	0.88196	0.96846	0.96464	0.93872	0.88498
475.3	0.88531	0.96331	0.98159	0.93891	0.89913
477.4	0.89992	0.95805	1.0137	0.94752	0.89858
479.5	0.90249	0.97364	0.97762	0.94024	0.88749
481.6	0.85933	0.94676	0.9889	0.92863	0.87799
483.7	0.85573	0.94862	0.98878	0.9236	0.88298
485.8	0.86575	0.97873	1.0158	0.91792	0.87098
487.9	0.86493	0.99889	1.0406	0.91088	0.85906
490.0	0.87828	0.99383	1.0452	0.90887	0.83664
492.1	0.90106	0.96927	1.0901	0.90693	0.83039
494.1	0.90543	0.9587	1.0944	0.90799	0.82836
496.2	0.87226	0.91197	1.0749	0.89755	0.82676
498.3	0.84621	0.87118	1.0427	0.88612	0.82279
500.4	0.85556	0.85989	1.0512	0.8869	0.8266
502.5	0.86313	0.83665	1.0758	0.8854	0.82732
504.6	0.87692	0.84034	1.0952	0.8827	0.83716
506.7	0.88465	0.83756	1.1012	0.88425	0.82928
508.8	0.90515	0.85787	1.1115	0.89403	0.82594
510.9	0.93036	0.89043	1.1114	0.90115	0.82648
513.0	0.95323	0.90676	1.1276	0.90241	0.83985
515.1	0.94576	0.88887	1.1193	0.89123	0.84293
517.2	0.93308	0.86386	1.1046	0.88226	0.83484
519.2	0.92492	0.83848	1.0864	0.87415	0.83663
521.3	0.92543	0.80832	1.078	0.86682	0.83434
523.4	0.90743	0.79254	1.0673	0.85584	0.81121
525.5	0.91361	0.7972	1.0409	0.85315	0.81823
527.6	0.91625	0.81791	1.0325	0.8518	0.82737
529.7	0.91681	0.80351	1.0313	0.84414	0.81927
531.8	0.92422	0.7806	1.0355	0.8331	0.81072
533.9	0.9345	0.75478	1.0374	0.83223	0.82364
536.0	0.92802	0.73833	1.0399	0.8292	0.82258
538.1	0.93891	0.75451	1.0413	0.83163	0.8298
540.2	0.90295	0.721	1.0208	0.82797	0.81971
542.3	0.87422	0.73601	0.97442	0.8351	0.82791
544.4	0.84119	0.74593	0.93351	0.83254	0.81821
546.4	0.82342	0.72483	0.91791	0.81847	0.80332
548.5	0.81505	0.69799	0.90481	0.80438	0.79123
550.6	0.80441	0.68594	0.89951	0.7967	0.78457
552.7	0.82029	0.6897	0.88313	0.79352	0.80616
554.8	0.80459	0.70363	0.88022	0.79887	0.8329
556.9	0.754	0.71907	0.86542	0.81317	0.85325
559.0	0.77195	0.73519	0.88672	0.81569	0.86608
561.1	0.79223	0.74284	0.91489	0.81549	0.88694
563.2	0.75474	0.72346	0.88647	0.80135	0.84638
565.3	0.74407	0.71211	0.86982	0.79704	0.81581
567.4	0.72314	0.70172	0.86401	0.80356	0.80769
569.5	0.76639	0.71546	0.93462	0.79742	0.81266
571.5	0.77821	0.72872	0.9561	0.78582	0.80459
573.6	0.76962	0.70537	0.92295	0.77684	0.76655
575.7	0.77945	0.70705	0.90045	0.76707	0.74605
577.8	0.76935	0.68785	0.94473	0.75505	0.7476
579.9	0.79482	0.69693	0.97722	0.75343	0.73416
582.0	0.78308	0.69811	1.0035	0.75539	0.74125
584.1	0.7938	0.69934	1.0156	0.75221	0.71028
586.2	0.77648	0.69185	1.0172	0.75425	0.7015
588.3	0.7153	0.67391	0.96885	0.72704	0.64783
590.4	0.67606	0.68704	0.95451	0.72177	0.60273
592.5	0.68681	0.72632	0.96321	0.73514	0.60635
594.6	0.7609	0.82218	1.064	0.7781	0.64392
596.7	0.81653	0.85605	1.1417	0.8049	0.66816
598.7	0.82961	0.87851	1.1613	0.80951	0.68188
600.8	0.82447	0.88724	1.1123	0.80648	0.68951
602.9	0.8366	0.88286	1.0889	0.80233	0.67526
605.0	0.79175	0.87734	1.0913	0.79492	0.68256
607.1	0.77641	0.88067	1.0949	0.79701	0.68416
609.2	0.79142	0.90406	1.1007	0.80101	0.6907
611.3	0.77517	0.92881	1.102	0.80691	0.69883
613.4	0.78152	0.9523	1.1063	0.82578	0.72567
615.5	0.79427	0.97376	1.0789	0.85208	0.75559
617.6	0.82647	0.99498	1.056	0.89087	0.78411
619.7	0.86489	1.0259	1.0545	0.92642	0.82732
621.8	0.91899	1.0628	1.0544	0.98032	0.88841
623.8	0.97922	1.0956	1.0483	1.0236	0.94211
625.9	1.0202	1.1088	1.0449	1.0496	0.97879
628.0	1.0451	1.1162	1.0173	1.0459	0.99519
630.1	1.0763	1.1294	1.0027	1.0522	1.0083
632.2	1.0835	1.1307	0.97837	1.0458	0.99589
634.3	1.1074	1.1435	0.96585	1.0528	1.0068
636.4	1.1233	1.1542	0.95602	1.07	1.0344
638.5	1.1181	1.1559	0.946	1.0778	1.0556
640.6	1.1151	1.1715	0.93195	1.083	1.0707
642.7	1.0969	1.17	0.93389	1.0728	1.0667
644.8	1.0894	1.1777	0.93388	1.0601	1.0551
646.9	1.0812	1.1673	0.94545	1.0375	1.0316
649.0	1.0774	1.1711	0.94099	1.0368	1.035
651.0	1.0564	1.1456	0.92161	1.0133	1.0146
653.1	1.035	1.0971	0.90762	0.98124	0.98322
655.2	1.0059	1.0606	0.88017	0.93453	0.92979
657.3	1.003	1.0486	0.8877	0.91932	0.90721
659.4	1.0302	1.0715	0.89754	0.92957	0.92276
661.5	1.0723	1.0913	0.93071	0.97084	0.96672
663.6	1.1306	1.1195	0.94099	1.0111	1.0071
665.7	1.245	1.2032	1.0054	1.0876	1.1011
667.8	1.3996	1.3201	1.098	1.1995	1.2376
669.9	1.5677	1.435	1.2355	1.3107	1.3879
672.0	1.7265	1.5614	1.3585	1.4243	1.5188
674.1	1.8377	1.6535	1.4205	1.5121	1.6127
676.2	1.8742	1.6734	1.4031	1.5449	1.6365
678.2	1.8237	1.6347	1.3346	1.5121	1.5912
680.3	1.6849	1.5369	1.2382	1.4159	1.489
682.4	1.4732	1.412	1.1365	1.2679	1.3329
684.5	1.2635	1.2751	1.0662	1.1175	1.1724
686.6	1.0553	1.1578	1.027	0.98064	1.0285
688.7	0.92942	1.0857	1.0182	0.87685	0.89846
690.8	0.84554	1.0213	0.99767	0.79182	0.80498
692.9	0.82532	0.99667	0.98396	0.76271	0.77276
695.0	0.85355	0.98372	0.96486	0.76591	0.78314
697.1	0.87143	0.97343	0.97204	0.76618	0.78625
699.2	0.93951	0.96262	0.9647	0.77225	0.77879
701.3	0.92625	0.94218	0.9663	0.78165	0.80673
703.3	0.97751	0.92591	0.98574	0.78547	0.78356
705.4	0.85381	0.89762	0.95079	0.78796	0.77176
707.5	0.83741	0.89342	0.93776	0.79114	0.8059
709.6	0.84388	0.86651	0.95154	0.80331	0.77381
711.7	0.81388	0.85226	0.92965	0.81878	0.787
713.8	0.85731	0.84012	0.88264	0.8342	0.80514
715.9	0.83349	0.85808	0.87312	0.84069	0.81842
718.0	0.84664	0.85738	0.87955	0.84421	0.85286
720.1	0.80173	0.85598	0.87324	0.83177	0.86124
722.2	0.73213	0.84269	0.88157	0.79835	0.88389
724.3	0.75565	0.92959	0.95283	0.82443	0.99683
726.4	0.8229	0.97156	1.0462	0.86934	1.1026
728.5	0.85219	0.97728	1.0734	0.88751	1.1259
730.5	0.82369	0.98075	1.0576	0.87751	1.1028
732.6	0.77388	0.94979	1.006	0.85686	1.0514
734.7	0.75285	0.90528	0.99354	0.84046	1.0118
736.8	0.71102	0.84208	0.95007	0.8251	0.92874
738.9	0.7222	0.87016	0.95204	0.84388	0.88387
741.0	0.78171	0.89852	0.95969	0.89736	0.89184
743.1	0.7957	0.89207	0.90188	0.94902	0.92496
745.2	0.81706	0.88122	0.8474	1.0302	0.98801
747.3	0.89636	0.92213	0.84392	1.1195	1.0975
749.4	0.96392	0.97588	0.83625	1.1952	1.1687
751.5	1.0214	0.97876	0.8518	1.241	1.2234
753.6	1.0697	1.0205	0.88904	1.2696	1.2522
755.6	1.0626	1.0397	0.92455	1.2775	1.2834
757.7	1.0276	1.0629	0.9134	1.2606	1.2609
759.8	1.0282	1.0895	0.98068	1.2233	1.225
761.9	1.007	1.0534	1.0105	1.1705	1.1511
764.0	0.94222	0.98676	1.0034	1.1193	1.0807
766.1	0.85141	0.93304	1.0426	1.0005	0.96931
768.2	0.91465	1.1472	1.2037	0.9693	1.003
770.3	0.85025	1.1427	1.2642	0.91895	0.99552
772.4	0.74441	1.0621	1.1141	0.8708	0.91777
774.5	0.7631	0.91512	0.94537	0.96361	0.89733
776.6	0.93557	0.99833	0.83362	1.143	1.0944
778.7	1.0455	1.0459	0.82922	1.2642	1.2766
780.8	1.125	1.1279	0.85385	1.3618	1.4161
782.8	1.1378	1.0912	0.85817	1.3933	1.4725
784.9	1.1448	1.0862	0.8788	1.3992	1.4884
787.0	1.1459	1.1107	0.89263	1.3855	1.4742
789.1	1.1286	1.0802	0.87561	1.3734	1.4589
791.2	1.1032	1.055	0.85924	1.3463	1.4247
793.3	1.0783	1.0352	0.83517	1.3194	1.392
795.4	1.0452	1.0146	0.83559	1.2771	1.3413
797.5	1.0273	0.99558	0.82633	1.2408	1.3153
799.6	0.99147	0.99329	0.8341	1.1959	1.2474
801.7	0.99809	0.99819	0.83469	1.186	1.2352
803.8	0.98756	1.0212	0.84522	1.1591	1.1967
805.9	0.98611	0.9922	0.84607	1.1444	1.1839
807.9	0.96791	0.98712	0.8426	1.1237	1.1619
810.0	0.94646	0.9558	0.84105	1.0946	1.1255
812.1	0.94872	0.91617	0.83602	1.0634	1.0799
814.2	0.91278	0.91615	0.8401	1.039	1.0449
816.3	0.89311	0.91916	0.82561	1.0007	0.99071
818.4	0.86189	0.91795	0.8105	0.94574	0.92645
820.5	0.88223	0.97605	0.84185	0.89513	0.86847
822.6	0.90309	1.044	0.92409	0.88013	0.85956
824.7	0.93784	1.0228	0.92413	0.90841	0.97436
826.8	1.0564	0.9517	0.98592	0.98233	1.0746
828.9	1.108	0.90021	1.0105	0.97933	1.0706
831.0	1.0799	0.84377	1.0268	0.96017	0.9813
833.1	1.0178	0.87412	0.916	0.94517	0.99558
835.1	0.99318	0.84657	0.92754	0.93144	0.96786
837.2	0.9795	0.83559	0.89142	0.9127	0.92289
839.3	1.0019	0.84008	0.88279	0.91454	0.93686
841.4	0.96703	0.84474	0.88797	0.91572	0.93002
843.5	0.95995	0.84246	0.89406	0.90942	0.92209
845.6	0.93773	0.84852	0.87129	0.89998	0.89378
847.7	0.89322	0.83377	0.84486	0.90212	0.87279
849.8	0.89162	0.84033	0.84752	0.8851	0.87029
851.9	0.88369	0.87285	0.83542	0.90089	0.8631
854.0	0.86726	0.84938	0.81764	0.89451	0.8729
856.1	0.86475	0.84963	0.82412	0.89662	0.87909
858.2	0.89588	0.87502	0.83496	0.90571	0.89089
860.3	0.93418	0.92438	0.8543	0.92335	0.91297
862.3	0.95405	0.92082	0.86718	0.93559	0.93352
864.4	0.96505	0.91754	0.89065	0.94204	0.9405
866.5	0.98848	0.91803	0.90444	0.95067	0.96688
868.6	1.0933	1.0099	1.0837	0.98523	0.9748
870.7	1.1609	1.0469	1.2111	1.0423	1.0564
872.8	1.1362	1.0842	1.1542	1.0092	1.0132
874.9	1.1276	0.94275	1.011	0.99165	1.0114
877.0	1.0947	1.0344	0.94755	1.0505	1.0848
879.1	1.1862	1.0818	0.96413	1.1646	1.2112
881.2	1.2577	1.1388	0.97279	1.1877	1.2362
883.3	1.2279	1.0952	0.98443	1.1884	1.2427
885.4	1.1934	1.0578	0.98267	1.1582	1.2176
887.4	1.1968	1.0167	1.0286	1.173	1.2262
889.5	1.2034	1.012	1.0547	1.1451	1.2149
891.6	1.2026	1.0267	1.056	1.1508	1.2275
893.7	1.216	1.0448	1.0443	1.1679	1.251
895.8	1.2595	1.1263	1.0577	1.1873	1.2632
897.9	1.3407	1.2492	1.1455	1.2192	1.292
900.0	1.3794	1.2702	1.1688	1.2891	1.3558
